-9.9609375	0.00088868950752900462	4.0410700938670592e-05	2.8532351947110078e-08	2.6003205526149948e-09	2.8532351947112636e-08	2.6003205525693609e-09
-9.921875	0.0008962589077213352	4.094450096721413e-05	2.9019924677032088e-08	2.6571120952131964e-09	2.9019924677043841e-08	2.6571120951792828e-09
-9.8828125	0.0009039283079194944	4.1488100996768484e-05	2.9518141074249411e-08	2.7154306394895398e-09	2.9518141074279335e-08	2.7154306394558752e-09
-9.84375	0.00091169960812367476	4.2041601027371053e-05	3.0027291721405241e-08	2.7753167114807715e-09	3.0027291721426231e-08	2.7753167114167059e-09
-9.8046875	0.00091957470833410452	4.2605401059069103e-05	3.0547672743808706e-08	2.8368317762822211e-09	3.0547672743819982e-08	2.8368317762360016e-09
-9.765625	0.00092755540855100308	4.3179701091906014e-05	3.107958073516018e-08	2.9000252328773383e-09	3.1079580735178008e-08	2.9000252328181084e-09
-9.7265625	0.00093564380877460057	4.3764601125925068e-05	3.1623339430286249e-08	2.9649418940906139e-09	3.1623339430311488e-08	2.9649418940388105e-09
-9.6875	0.0009438419090051298	4.4360601161181228e-05	3.2179271811943678e-08	3.0316546696308627e-09	3.2179271811954868e-08	3.0316546695787449e-09
-9.6484375	0.00095215160924284599	4.4967801197721548e-05	3.2747702491522275e-08	3.1002106172499424e-09	3.2747702491539579e-08	3.100210617227022e-09
-9.609375	0.00096057520948800927	4.5586501235600396e-05	3.3328990445956504e-08	3.1706731393113987e-09	3.3328990445960495e-08	3.1706731392764764e-09
-9.5703125	0.00096911470974089375	4.6217001274874352e-05	3.3923481912207609e-08	3.2431063389671635e-09	3.3923481912232716e-08	3.2431063389211065e-09
-9.53125	0.00097777241000178254	4.6859701315605571e-05	3.4531551775680546e-08	3.3175841106638529e-09	3.4531551775691472e-08	3.3175841105912438e-09
-9.4921875	0.00098655061027096646	4.7514701357849753e-05	3.5153584612823743e-08	3.3941609660001419e-09	3.5153584612832458e-08	3.3941609659818512e-09
-9.453125	0.00099545161054874769	4.8182501401677861e-05	3.5789972516506956e-08	3.4729215772486307e-09	3.5789972516536357e-08	3.4729215772081898e-09
-9.4140625	0.001004477710835462	4.8863301447153734e-05	3.6441117676235976e-08	3.5539312012253398e-09	3.6441117676247126e-08	3.5539312011573278e-09
-9.375	0.0010136315111314307	4.9557401494347791e-05	3.7107453238232131e-08	3.6372651864237513e-09	3.710745323826136e-08	3.6372651863718833e-09
-9.3359375	0.0010229154114370111	5.0265301543338904e-05	3.7789407099172135e-08	3.723015012880107e-09	3.7789407099213375e-08	3.723015012867346e-09
-9.296875	0.0010323319117525585	5.0987301594205025e-05	3.8487425313596564e-08	3.8112601833497621e-09	3.8487425313608753e-08	3.8112601832646088e-09
-9.2578125	0.0010418838120784593	5.1723701647025514e-05	3.9201987055332601e-08	3.902083467057112e-09	3.9201987055332991e-08	3.9020834669868017e-09
-9.21875	0.0010515737124150997	5.2474901701888455e-05	3.9933567458081899e-08	3.995576751054009e-09	3.9933567458083938e-08	3.99557675098655e-09
-9.1796875	0.0010614045127628996	5.3241301758883988e-05	4.0682675962884846e-08	4.0918356419888427e-09	4.0682675962891351e-08	4.0918356419137074e-09
-9.140625	0.0010713789131222898	5.4023401818112184e-05	4.1449818479820294e-08	4.1909654211170937e-09	4.1449818479845573e-08	4.1909654210275927e-09
-9.1015625	0.0010814999134937137	5.4821401879664213e-05	4.2235537663861281e-08	4.2930520879040147e-09	4.2235537663876111e-08	4.2930520878421829e-09
-9.0625	0.0010917705138776593	5.5635901943652704e-05	4.3040387860037498e-08	4.3982155453192777e-09	4.3040387860053804e-08	4.3982155452947526e-09
-9.0234375	0.0011021937142745935	5.6467302010185083e-05	4.3864937756438008e-08	4.5065632807451354e-09	4.3864937756435407e-08	4.5065632806438926e-09
-8.984375	0.0011127728146850422	5.7316102079381526e-05	4.4709793693576906e-08	4.6182151192639763e-09	4.4709793693587315e-08	4.6182151191942946e-09
-8.9453125	0.0011235110151095577	5.8182702151360315e-05	4.5575569431521427e-08	4.7332858332452071e-09	4.5575569431546838e-08	4.7332858331618215e-09
-8.90625	0.0011344116155486703	5.9067602226251874e-05	4.6462901730051896e-08	4.8519020980679886e-09	4.6462901730091356e-08	4.851902098033218e-09
-8.8671875	0.0011454781160029957	5.9971402304195144e-05	4.7372459378276344e-08	4.9742034488197968e-09	4.7372459378312601e-08	4.9742034487161362e-09
-8.828125	0.0011567139164731311	6.0894502385327122e-05	4.830492055639792e-08	5.1003164068866882e-09	4.8304920556406244e-08	5.1003164068402519e-09
-8.7890625	0.001168122816959727	6.1837602469806503e-05	4.9261012959803814e-08	5.230398272703632e-09	4.926101295985412e-08	5.2303982726287142e-09
-8.75	0.0011797085174634627	6.2801102557784501e-05	5.0241475805945605e-08	5.3645850934371421e-09	5.0241475805953407e-08	5.3645850933817938e-09
-8.7109375	0.0011914747179850272	6.3785602649428773e-05	5.1247066304237807e-08	5.5030340935042646e-09	5.1247066304256111e-08	5.5030340934764763e-09
-8.671875	0.0012034255185251767	6.4791902744925142e-05	5.2278594912050658e-08	5.6459265234033006e-09	5.2278594912102532e-08	5.6459265233364379e-09
-8.6328125	0.0012155649190846779	6.5820402844448964e-05	5.3336886348563997e-08	5.7934136299271833e-09	5.3336886348607626e-08	5.7934136298602768e-09
-8.59375	0.001227897019664333	6.6871902948203895e-05	5.4422793750050388e-08	5.945687103895662e-09	5.442279375005776e-08	5.9456871038207542e-09
-8.5546875	0.0012404262202650009	6.7947003056393685e-05	5.5537220430038058e-08	6.1029281466995969e-09	5.5537220430067202e-08	6.1029281466108222e-09
-8.515625	0.0012531569208875807	6.9046403169238055e-05	5.668109318427298e-08	6.2653325721871433e-09	5.6681093184311315e-08	6.265332572140013e-09
-8.4765625	0.0012660937215329935	7.017090328697144e-05	5.7855381210469936e-08	6.4331124547356089e-09	5.7855381210494573e-08	6.4331124546479625e-09
-8.4375	0.0012792412222022225	7.1321203409835664e-05	5.9061080162580842e-08	6.6064773109094011e-09	5.9061080162597491e-08	6.6064773108559387e-09
-8.3984375	0.0012926042228963075	7.2498103538089841e-05	6.0299230542703793e-08	6.7856535915529763e-09	6.0299230542731031e-08	6.7856535915023553e-09
-8.359375	0.001306187823616335	7.3702303672002617e-05	6.1570929863277037e-08	6.9708670731857566e-09	6.157092986331919e-08	6.9708670731446871e-09
-8.3203125	0.0013199971243634107	7.4934903811875735e-05	6.2877303546077061e-08	7.1623888748811682e-09	6.2877303546123899e-08	7.1623888748251251e-09
-8.28125	0.0013340374251387666	7.6196603958006857e-05	6.4219529284179674e-08	7.36046153219258e-09	6.4219529284211596e-08	7.3604615321270838e-09
-8.2421875	0.0013483141259436207	7.7488304110720453e-05	6.5598825952901257e-08	7.565355330033455e-09	6.5598825952953561e-08	7.565355329977033e-09
-8.203125	0.0013628329267793234	7.8811104270365767e-05	6.7016474658877517e-08	7.7773707751079266e-09	6.7016474658892353e-08	7.7773707750174827e-09
-8.1640625	0.0013775995276472342	8.0165804437298867e-05	6.8473794138415072e-08	7.9967884691955566e-09	6.8473794138440232e-08	7.9967884690974579e-09
-8.125	0.0013926199285488362	8.1553604611913957e-05	6.9972168012452218e-08	8.2239401641254768e-09	6.9972168012482751e-08	8.223940164032409e-09
-8.0859375	0.0014079004294856453	8.2975504794618213e-05	7.1513050862544353e-08	8.4591502395589067e-09	7.1513050862558925e-08	8.4591502394405553e-09
-8.046875	0.0014234473304592843	8.4432604985844943e-05	7.3097938355683703e-08	8.7027641925359601e-09	7.30979383557138e-08	8.7027641924596973e-09
-8.0078125	0.0014392672314714671	8.5926205186063632e-05	7.4728399010327764e-08	8.9551618484043067e-09	7.472839901035258e-08	8.9551618483415964e-09
-7.96875	0.0014553669325239672	8.7457305395751602e-05	7.6406069664554206e-08	9.216705744666851e-09	7.6406069664589596e-08	9.2167057446509989e-09
-7.9296875	0.0014717535336186984	8.9027305615440534e-05	7.8132664263523823e-08	9.4878151480973441e-09	7.8132664263580375e-08	9.4878151480125812e-09
-7.890625	0.0014884341347576296	9.0637605845686993e-05	7.9909947097784116e-08	9.7689239563355676e-09	7.9909947097798939e-08	9.768923956270083e-09
-7.8515625	0.0015054164359428741	9.2289406087070217e-05	8.1739800999795689e-08	1.0060463405434377e-08	8.173980099981877e-08	1.0060463405314095e-08
-7.8125	0.0015227081371766568	9.3984406340235372e-05	8.3624161790735693e-08	1.0362934797471984e-08	8.3624161790743158e-08	1.0362934797370198e-08
-7.7734375	0.0015403173384613191	9.5723906605837215e-05	8.5565070487938175e-08	1.067681557932903e-08	8.5565070487946936e-08	1.0676815579301752e-08
-7.734375	0.0015582522397993199	9.7509606884596482e-05	8.7564638354153529e-08	1.1002645785668643e-08	8.7564638354190308e-08	1.1002645785573732e-08
-7.6953125	0.0015765215411932842	9.9343107177270057e-05	8.9625098399424668e-08	1.1340977117233679e-08	8.9625098399424059e-08	1.1340977117174938e-08
-7.65625	0.0015951342426459671	0.00010122620748467329	9.174878541973525e-08	1.1692406480564503e-08	9.1748785419768986e-08	1.1692406480471848e-08
-7.6171875	0.0016140994441602981	0.00010316080780767794	9.3938117367253427e-08	1.2057565087728301e-08	9.3938117367306856e-08	1.2057565087665546e-08
-7.578125	0.0016334268457393621	0.00010514880814721053	9.6195658082810785e-08	1.2437111991629204e-08	9.6195658082826733e-08	1.2437111991536526e-08
-7.5390625	0.0016531263473864436	0.00010719220850425921	9.8524075198763028e-08	1.2831744232305165e-08	9.852407519879278e-08	1.2831744232176057e-08
-7.5	0.0016732081491049788	0.00010929330887989892	1.0092615455532077e-07	1.3242223628265045e-08	1.0092615455534298e-07	1.3242223628204178e-08
-7.4609375	0.0016936830508986476	0.00011145420927525168	1.0340484564258729e-07	1.3669321285837938e-08	1.0340484564258313e-07	1.3669321285747885e-08
-7.421875	0.0017145620527713493	0.0001136776096915662	1.0596321281362348e-07	1.4113913683014919e-08	1.0596321281363866e-07	1.4113913682951537e-08
-7.3828125	0.0017358566547271668	0.00011596591013013927	1.0860448462453009e-07	1.4576877935150967e-08	1.0860448462461076e-07	1.4576877935061107e-08
-7.34375	0.0017575786567704946	0.00011832201059239427	1.1133202885293456e-07	1.5059191276594166e-08	1.1133202885296508e-07	1.5059191276461678e-08
-7.3046875	0.0017797403589059446	0.00012074891107985788	1.1414938713597166e-07	1.5561886818366921e-08	1.1414938713598892e-07	1.5561886818280577e-08
-7.265625	0.0018023542611383875	0.0001232498115941711	1.1706024248656321e-07	1.6086066697128753e-08	1.1706024248658403e-07	1.6086066697022566e-08
-7.2265625	0.0018254334634730349	0.00012582831213712171	1.2006847564687839e-07	1.6632935629264707e-08	1.2006847564693824e-07	1.6632935629172986e-08
-7.1875	0.0018489909659153672	0.00012848801271060981	1.2317808379588614e-07	1.7203746578184744e-08	1.2317808379592211e-07	1.7203746578105034e-08
-7.1484375	0.0018730399684711069	0.00013123261331666837	1.2639322369066781e-07	1.7799819054601599e-08	1.2639322369069131e-07	1.7799819054514689e-08
-7.109375	0.0018975939711463768	0.00013406581395746284	1.2971823240509503e-07	1.8422529487494207e-08	1.2971823240516041e-07	1.8422529487368591e-08
-7.0703125	0.0019226662739475996	0.00013699071463522773	1.3315757092447945e-07	1.9073225208326907e-08	1.3315757092452379e-07	1.9073225208251534e-08
-7.03125	0.0019482705768816041	0.0001400093153522242	1.3671591743237271e-07	1.9753156468992668e-08	1.3671591743239196e-07	1.9753156468854281e-08
-6.9921875	0.001974421979955746	0.00014312251611074521	1.403983201691635e-07	2.0463478920214049e-08	1.4039832016920495e-07	2.0463478920081363e-08
-6.953125	0.0020011376831780324	0.00014632971691307437	1.4421032314642942e-07	2.1205195774441049e-08	1.442103231464858e-07	2.12051957743346e-08
-6.9140625	0.0020284378865573164	0.00014963031776166896	1.4815811065266792e-07	2.197937698309833e-08	1.4815811065271154e-07	2.1979376983025839e-08
-6.875	0.0020563468901034524	0.00015302421865925992	1.5224870301179754e-07	2.2787250493230155e-08	1.5224870301184447e-07	2.278725049315064e-08
-6.8359375	0.0020848925938272696	0.00015651531960929736	1.5648989190250267e-07	2.3630736461449448e-08	1.5648989190253581e-07	2.3630736461345428e-08
-6.796875	0.002114103397740257	0.00016011242061611446	1.6088979914389689e-07	2.4512597677281966e-08	1.6088979914394485e-07	2.4512597677168103e-08
-6.7578125	0.002144004701854232	0.00016382802168479836	1.6545635922779885e-07	2.543626929888839e-08	1.6545635922784681e-07	2.5436269298793632e-08
-6.71875	0.0021746186061811488	0.00016767432282073578	1.7019729551305541e-07	2.640526875200798e-08	1.7019729551314093e-07	2.6405268751917732e-08
-6.6796875	0.002205966710733788	0.00017166132402940604	1.7512056592793834e-07	2.742292751234329e-08	1.7512056592799837e-07	2.7422927512210564e-08
-6.640625	0.0022380710155256384	0.00017579752531649421	1.8023450779111015e-07	2.8492498277698089e-08	1.8023450779111711e-07	2.8492498277642208e-08
-6.6015625	0.0022709556205714118	0.00018009042668799482	1.855481285719149e-07	2.9617249813908787e-08	1.8554812857197247e-07	2.9617249813843367e-08
-6.5625	0.0023046468258869964	0.00018454742815037271	1.9107114907385859e-07	3.0800616863946113e-08	1.9107114907396598e-07	3.0800616863778341e-08
-6.5234375	0.0023391726314895265	0.00018917642971068085	1.9681395115571394e-07	3.2046304485546766e-08	1.9681395115578126e-07	3.2046304485454976e-08
-6.484375	0.0023745632373975353	0.00019398573137661138	2.0278770076124916e-07	3.3358294848219278e-08	2.0278770076131975e-07	3.3358294848129333e-08
-6.4453125	0.0024108504436310524	0.00019898453315662378	2.0900428035880783e-07	3.4740943550842961e-08	2.0900428035882501e-07	3.4740943550677339e-08
-6.40625	0.0024480684502116864	0.00020418273506000163	2.1547647175040769e-07	3.6198980472982753e-08	2.1547647175046323e-07	3.6198980472880018e-08
-6.3671875	0.0024862528571627045	0.0002095915370970134	2.2221781846520144e-07	3.7737627566717532e-08	2.2221781846527897e-07	3.7737627566638645e-08
-6.328125	0.002525441764509371	0.00021522293927895509	2.292428739848149e-07	3.9362557735916168e-08	2.292428739848973e-07	3.936255773581295e-08
-6.2890625	0.0025656752722788964	0.00022109074161841887	2.3656715119243257e-07	4.1080103175610746e-08	2.3656715119241158e-07	4.1080103175376945e-08
-6.25	0.0026069956805007642	0.00022721004412933901	2.4420722058161058e-07	4.2897210851267163e-08	2.4420722058164335e-07	4.2897210851242361e-08
-6.2109375	0.0026494471892067558	0.0002335981468273087	2.5218069679279045e-07	4.4821652911955764e-08	2.5218069679288982e-07	4.4821652911869373e-08
-6.171875	0.0026930762984312025	0.00024027444972974063	2.6050637421104506e-07	4.6862073578035235e-08	2.605063742111242e-07	4.6862073577966671e-08
-6.1328125	0.0027379307082110384	0.00024726085285612704	2.6920406720862425e-07	4.9028112041378655e-08	2.6920406720863241e-07	4.9028112041187185e-08
-6.09375	0.0027840598185859778	0.00025458185622828687	2.7829475882390295e-07	5.1330503731355539e-08	2.782947588239354e-07	5.1330503731225347e-08
-6.0546875	0.0028315134295985142	0.0002622649598706791	2.8780038666065144e-07	5.3781217995882732e-08	2.8780038666074377e-07	5.3781217995668406e-08
-6.015625	0.0028803411412938484	0.00027034036381058804	2.9774376227808076e-07	5.6393473500538155e-08	2.9774376227808939e-07	5.6393473500402848e-08
-5.9765625	0.0029305907537199305	0.00027884076807831653	3.0814826491543014e-07	5.9181752465773671e-08	3.0814826491544385e-07	5.9181752465663556e-08
-5.9375	0.0029823060669267568	0.00028779897270677534	3.1903741590636784e-07	6.2161322700351193e-08	3.1903741590642835e-07	6.2161322700176294e-08
-5.8984375	0.0030355258809665873	0.00029724437773075212	3.3043469638166565e-07	6.5347484419983531e-08	3.3043469638169964e-07	6.5347484419860195e-08
-5.859375	0.0030902840958942361	0.00030719638318516386	3.423636655914152e-07	6.875406025200477e-08	3.4236366559150143e-07	6.8754060251887112e-08
-5.8203125	0.0031466151117690486	0.00031765668910292417	3.5484933892172851e-07	7.2391588663857405e-08	3.5484933892186154e-07	7.239158866380125e-08
-5.78125	0.0032045658286591334	0.00032860279551304058	3.6792123967569462e-07	7.6265766162356365e-08	3.6792123967577376e-07	7.6265766162214857e-08
-5.7421875	0.0032642124466476818	0.00033999070244149731	3.8161771348590136e-07	8.0378043388752578e-08	3.8161771348593985e-07	8.0378043388597624e-08
-5.703125	0.0033256775658399122	0.00035176450991458572	3.9599060964948377e-07	8.4728009840044908e-08	3.9599060964952453e-07	8.47280098399259e-08
-5.6640625	0.0033891472863704468	0.00036388071796793502	4.1111006436921706e-07	8.9319707963531798e-08	4.1111006436929874e-07	8.9319707963416139e-08
-5.625	0.0034548678084036612	0.00037635462666363501	4.2706401964713665e-07	9.4173686709259855e-08	4.2706401964721087e-07	9.4173686709127506e-08
-5.5859375	0.0035230941321176732	0.00038929493610366983	4.4394566168911926e-07	9.93360910966655e-08	4.4394566168918585e-07	9.9336091096480755e-08
-5.546875	0.0035940253576834716	0.00040287864642327826	4.6183750311395278e-07	1.0487277579917295e-07	4.6183750311402875e-07	1.0487277579898378e-07
-5.5078125	0.0036677926852620511	0.00041728635777108869	4.8080874596161742e-07	1.1085359627099993e-07	4.8080874596165194e-07	1.1085359627088978e-07
-5.46875	0.0037444946150174789	0.00043266507029853137	5.0092439602989722e-07	1.173436098641532e-07	5.0092439603003571e-07	1.1734360986390873e-07
-5.4296875	0.0038242345471312376	0.00044912848416209407	5.2225508045644389e-07	1.2440368259248858e-07	5.2225508045653007e-07	1.2440368259229773e-07
-5.390625	0.0039071389818104837	0.0004667732995313964	5.4488210945132411e-07	1.3209514177224132e-07	5.4488210945140373e-07	1.3209514177209655e-07
-5.3515625	0.0039933625192923577	0.00048569351659717166	5.6889939472937244e-07	1.4048405641977443e-07	5.6889939472946942e-07	1.4048405641940484e-07
-5.3125	0.0040830888598476231	0.00050599053557892637	5.9441451759333474e-07	1.4964471918442337e-07	5.9441451759351166e-07	1.4964471918425452e-07
-5.2734375	0.004176529203783517	0.00052777975673224591	6.2154920933337469e-07	1.5966244169313858e-07	6.2154920933351466e-07	1.596624416928279e-07
-5.234375	0.0042739215514474788	0.00055119548035691081	6.5044016390713486e-07	1.7063622504238382e-07	6.5044016390723417e-07	1.7063622504208397e-07
-5.1953125	0.0043755307032318025	0.00057639460680604176	6.8124015248023613e-07	1.8268142962686099e-07	6.8124015248033756e-07	1.8268142962650068e-07
-5.15625	0.0044816480595782724	0.00060355973649660333	7.1411916837729149e-07	1.9593259386246646e-07	7.1411916837740669e-07	1.9593259386228588e-07
-5.1171875	0.0045925936209850029	0.00063290186992203616	7.492663878332872e-07	2.1054659202039252e-07	7.4926638783344782e-07	2.1054659202024151e-07
-5.078125	0.0047087199880149182	0.00066466330766779425	7.8689298207977355e-07	2.26706390736668e-07	7.8689298207993491e-07	2.2670639073640198e-07
-5.0390625	0.0048304172613055675	0.00069912315043176476	8.2723540799663104e-07	2.4462630140210254e-07	8.2723540799687043e-07	2.4462630140195241e-07
-5.0	0.0049581211415822826	0.00073660469905100661	8.7056008084789068e-07	2.645588725958374e-07	8.7056008084801138e-07	2.6455887259546487e-07
-4.9609375	0.005092319329670289	0.00077748925453867098	9.171675765711721e-07	2.8680513466226419e-07	9.1716757657108983e-07	2.8680513466201977e-07
-4.921875	0.005233554426505335	0.00082223201813047043	9.6739572517474787e-07	3.117270748465192e-07	9.6739572517500791e-07	3.1172707484631321e-07
-4.8828125	0.0053824241331418702	0.00087137639134019006	1.0216218218601553e-06	3.3976132112922858e-07	1.021621821860294e-06	3.3976132112897193e-07
-4.84375	0.0055395849507632504	0.00092556717602805527	1.0802661616934877e-06	3.7143480972046173e-07	1.0802661616935966e-06	3.7143480972018136e-07
-4.8046875	0.0057057612806934409	0.00098556877449101086	1.143797437577336e-06	4.0738549096388654e-07	1.1437974375773913e-06	4.0738549096366319e-07
-4.765625	0.005881755924404865	0.0010522930895846599	1.2127381229365566e-06	4.4839086932272022e-07	1.2127381229366137e-06	4.4839086932227553e-07
-4.7265625	0.0060684583835154994	0.0011268361248843227	1.2876679528665882e-06	4.9540531354316883e-07	1.2876679528667029e-06	4.9540531354288507e-07
-4.6875	0.0062668512597680911	0.001210524384897875	1.3692246253268582e-06	5.4960847709255216e-07	1.3692246253271121e-06	5.4960847709211583e-07
-4.6484375	0.0064780133549778001	0.001304972575346243	1.4580996017483343e-06	6.124677443718058e-07	1.458099601748594e-06	6.1246774437151029e-07
-4.609375	0.0067031199709305014	0.0014121567035360184	1.5550267093477112e-06	6.8581970127038092e-07	1.555026709347934e-06	6.858197012700473e-07
-4.5703125	0.0069434391091986441	0.0015345063788547322	1.6607592819104563e-06	7.7197650718412071e-07	1.6607592819107172e-06	7.7197650718390683e-07
-4.53125	0.0072003200708186128	0.0016750287134377644	1.7760275294683271e-06	8.7386860398631517e-07	1.7760275294685439e-06	8.7386860398608361e-07
-4.4921875	0.0074751684557337432	0.0018374771230694638	1.9014625105231473e-06	9.9523810032790186e-07	1.9014625105232375e-06	9.9523810032766638e-07
-4.453125	0.0077693870618251032	0.0020265834283909679	2.0374579002223861e-06	1.1409010591922793e-06	2.0374579002226195e-06	1.1409010591918874e-06
-4.4140625	0.0080842574832316084	0.0022483789564937706	2.183924142609215e-06	1.3171029440688938e-06	2.1839241426093933e-06	1.3171029440685899e-06
-4.375	0.0084207001074084013	0.0025106365429229983	2.3398451026389859e-06	1.5319904256543942e-06	2.3398451026394281e-06	1.5319904256538929e-06
-4.3359375	0.0087787931099682845	0.0028234459338639935	2.5024753391934562e-06	1.796191670102388e-06	2.5024753391936959e-06	1.7961916701021027e-06
-4.296875	0.0091569045459185643	0.0031998482876077665	2.6659527597875266e-06	2.1233960008573059e-06	2.6659527597878387e-06	2.123396000856821e-06
-4.2578125	0.0095503114355258104	0.0036564259732303501	2.8190509285306887e-06	2.530704084784038e-06	2.8190509285312405e-06	2.5307040847836196e-06
-4.21875	0.009949076342699573	0.004213733362069331	2.9416663153602817e-06	3.038292756657662e-06	2.9416663153608183e-06	3.0382927566573871e-06
-4.1796875	0.01033472144496487	0.004896167202361845	2.9995358369708139e-06	3.667284423257711e-06	2.9995358369712429e-06	3.6672844232573417e-06
-4.140625	0.010675321801977659	0.0057301501588941373	2.93726038491424e-06	4.4334388490831197e-06	2.9372603849145827e-06	4.4334388490824057e-06
-4.1015625	0.010919509953003814	0.0067386827941776231	2.672007187040281e-06	5.3329361032852837e-06	2.6720071870409819e-06	5.3329361032848364e-06
-4.0625	0.010991701418374184	0.0079300503881825045	2.0951730271963151e-06	6.3169566017874351e-06	2.0951730271966374e-06	6.3169566017866652e-06
-4.0234375	0.010793563019237722	0.0092798516854508423	1.095931656066055e-06	7.2581845478702452e-06	1.0959316560667214e-06	7.2581845478697548e-06
-3.984375	0.010218217448556612	0.010710119536360932	-3.7909423054765527e-07	7.9289071775854282e-06	-3.7909423054678061e-07	7.9289071775845998e-06
-3.9453125	0.0091802961814955557	0.012073828583807733	-2.2347829520268494e-06	8.0282955561737309e-06	-2.2347829520262078e-06	8.0282955561734904e-06
-3.90625	0.007663752533348017	0.01315388597503602	-4.1466066363090097e-06	7.298611276849207e-06	-4.1466066363080703e-06	7.298611276849107e-06
-3.8671875	0.0057873496601881383	0.013702324276256431	-5.5922576182804704e-06	5.7381891218898134e-06	-5.5922576182795344e-06	5.7381891218896635e-06
-3.828125	0.003835291587109753	0.013555427209449628	-6.124643938188379e-06	3.7590394071845357e-06	-6.1246439381878174e-06	3.7590394071844357e-06
-3.7890625	0.0021582332907488641	0.012760939732262758	-5.7289806001941811e-06	1.9889932073836512e-06	-5.7289806001934535e-06	1.9889932073837351e-06
-3.75	0.00099091498468506273	0.011563341323229608	-4.8058247784512497e-06	8.2561621434037525e-07	-4.805824778450711e-06	8.2561621434059929e-07
-3.7109375	0.00036971774738924764	0.01025010540502448	-3.7986962269437673e-06	2.715586635799544e-07	-3.7986962269432887e-06	2.7155866358026182e-07
-3.671875	0.00019642148699671569	0.0090250627950405095	-2.9472818414050328e-06	1.2642068458316517e-07	-2.9472818414044928e-06	1.2642068458336918e-07
-3.6328125	0.00033627316710482921	0.0079861505198443403	-2.3048597993688076e-06	1.9310430624594825e-07	-2.3048597993684425e-06	1.9310430624593922e-07
-3.59375	0.00067279208815852504	0.0071590305810450908	-1.8391962873193309e-06	3.4778113916666062e-07	-1.8391962873190575e-06	3.477811391667692e-07
-3.5546875	0.0011220300471526791	0.0065331732963971254	-1.4998997815228984e-06	5.3005583349450725e-07	-1.4998997815226631e-06	5.3005583349458317e-07
-3.515625	0.0016291864030618436	0.0060852062170791907	-1.2448555009609791e-06	7.1730513890272028e-07	-1.2448555009606252e-06	7.1730513890284691e-07
-3.4765625	0.0021598941621443902	0.005791521736156045	-1.0458754236655884e-06	9.0536006015057917e-07	-1.0458754236652363e-06	9.0536006015050357e-07
-3.4375	0.0026908426114521582	0.0056329954089198884	-8.8715843096361108e-07	1.0972553208080561e-06	-8.8715843096322854e-07	1.097255320807961e-06
-3.3984375	0.0032026388301964626	0.0055941165656371878	-7.622503071587085e-07	1.2971058000294142e-06	-7.622503071584798e-07	1.2971058000294034e-06
-3.359375	0.0036763450952116117	0.0056593055162106687	-6.7093832801478562e-07	1.5064486842361726e-06	-6.709383280144269e-07	1.5064486842360008e-06
-3.3203125	0.0040937870883031233	0.0058087690514528716	-6.1568047433736527e-07	1.7219136425972257e-06	-6.1568047433713371e-07	1.7219136425970336e-06
-3.28125	0.0044408826070549889	0.0060159777473821202	-5.9726845472094596e-07	1.9346185260209358e-06	-5.9726845472060555e-07	1.9346185260209968e-06
-3.2421875	0.0047121151757844497	0.0062474496772817346	-6.1029515650064709e-07	2.1318133880211152e-06	-6.1029515649999488e-07	2.1318133880209255e-06
-3.203125	0.0049168014503248895	0.0064641020351849142	-6.3877472340447446e-07	2.3015884039168057e-06	-6.3877472340386438e-07	2.3015884039166774e-06
-3.1640625	0.0050885871996178746	0.0066297999684687189	-6.5520497665079557e-07	2.4430949134421025e-06	-6.5520497665059917e-07	2.4430949134419179e-06
-3.125	0.0052855346529307986	0.0067335799858862788	-6.3153083985874049e-07	2.5774358476155628e-06	-6.3153083985825737e-07	2.5774358476155289e-06
-3.0859375	0.0055648090589733613	0.0068075577099041742	-5.5817869083969425e-07	2.7435420928348394e-06	-5.5817869083908333e-07	2.7435420928344163e-06
-3.046875	0.005949843704596538	0.0069139414218375266	-4.506356263636019e-07	2.9793673901970651e-06	-4.5063562636298573e-07	2.9793673901971091e-06
-3.0078125	0.0064227486533526452	0.0071122933516616074	-3.3971648692816095e-07	3.3086298998420843e-06	-3.3971648692759545e-07	3.3086298998417975e-06
-2.96875	0.006941216360796503	0.0074376960864374333	-2.6057008314302744e-07	3.7395090467097598e-06	-2.6057008314258544e-07	3.7395090467097085e-06
-2.9296875	0.0074588853825384958	0.0078975391679106544	-2.464209856752952e-07	4.2670186437242597e-06	-2.4642098567479629e-07	4.267018643723776e-06
-2.890625	0.0079390907969646325	0.0084777250917206157	-3.232817863087309e-07	4.8755171658644832e-06	-3.23281786307798e-07	4.8755171658639165e-06
-2.8515625	0.0083634890361190938	0.0091512069357630749	-5.0341538915297314e-07	5.5442315571692713e-06	-5.0341538915238201e-07	5.5442315571690748e-06
-2.8125	0.0087398196839502552	0.0098897042381996866	-7.804448048457466e-07	6.2612418070618825e-06	-7.8044480484538618e-07	6.2612418070618521e-06
-2.7734375	0.0091042615599532615	0.010686174287867964	-1.1395059596079685e-06	7.0475404946569956e-06	-1.1395059596069781e-06	7.0475404946567779e-06
-2.734375	0.0095003107719858187	0.011581942769278011	-1.5964342170365368e-06	7.9704653560770371e-06	-1.5964342170358647e-06	7.9704653560766847e-06
-2.6953125	0.0099348322162185476	0.012668759041930513	-2.2470112347023925e-06	9.1169065847668342e-06	-2.2470112347015535e-06	9.1169065847665496e-06
-2.65625	0.010344811013081857	0.014055768820859127	-3.2910715444006324e-06	1.0531810646742595e-05	-3.2910715443995601e-06	1.0531810646742478e-05
-2.6171875	0.010592563011111847	0.015826982912453783	-5.0238948930921787e-06	1.2141296773109537e-05	-5.0238948930910411e-06	1.2141296773109235e-05
-2.578125	0.010476931045650013	0.018004480644835938	-7.7848105510019027e-06	1.3657154618961469e-05	-7.7848105510005881e-06	1.3657154618961069e-05
-2.5390625	0.0097558329381698065	0.020510872893187947	-1.1813654942236422e-05	1.4479983820370285e-05	-1.1813654942235286e-05	1.4479983820370285e-05
-2.5	0.0081923183109890978	0.023132316460589577	-1.6974253530704576e-05	1.3700043026534412e-05	-1.6974253530703048e-05	1.3700043026534256e-05
-2.4609375	0.0056330069983350911	0.025498323067469908	-2.2415585196111832e-05	1.0361835346298291e-05	-2.2415585196110575e-05	1.036183534629883e-05
-2.421875	0.0021255039358740418	0.027106719628231395	-2.6447465079367639e-05	4.1200958201189787e-06	-2.6447465079366084e-05	4.1200958201197546e-06
-2.3828125	-0.0019535407856355472	0.027465789407651747	-2.7158382136359977e-05	-3.9381169558177318e-06	-2.7158382136358957e-05	-3.9381169558172295e-06
-2.34375	-0.0059249996910468406	0.026376227816735209	-2.3881798479394201e-05	-1.1355364013491003e-05	-2.3881798479392588e-05	-1.1355364013490019e-05
-2.3046875	-0.0091163433338812966	0.024111144553652288	-1.7996580385590321e-05	-1.5934835232600588e-05	-1.7996580385589616e-05	-1.5934835232599561e-05
-2.265625	-0.011199134385828133	0.021245084711796255	-1.1762729650733225e-05	-1.7230019879366537e-05	-1.1762729650732439e-05	-1.7230019879365528e-05
-2.2265625	-0.012228150967732535	0.018318923956993576	-6.7077527876256544e-06	-1.6212626452428736e-05	-6.7077527876244262e-06	-1.6212626452427632e-05
-2.1875	-0.012453663720692589	0.01566229525012967	-3.2468003442641137e-06	-1.411279445172397e-05	-3.2468003442631498e-06	-1.4112794451722561e-05
-2.1484375	-0.012147104889378143	0.013407373405580391	-1.1533833468464135e-06	-1.1781878806221341e-05	-1.1533833468457863e-06	-1.178187880622038e-05
-2.109375	-0.011525021160496052	0.01156662292802086	-2.6674499564557225e-08	-9.6432994310591075e-06	-2.6674499563924399e-08	-9.6432994310584061e-06
-2.0703125	-0.01073724616398266	0.010096947059690903	4.8826796572149154e-07	-7.8426766752307535e-06	4.8826796572166296e-07	-7.8426766752299725e-06
-2.03125	-0.0098786684175824271	0.008937157509731895	6.4496693900768788e-07	-6.3870086987447741e-06	6.4496693900790091e-07	-6.387008698743761e-06
-1.9921875	-0.0090049548264523483	0.0080261450355342198	6.061058317465798e-07	-5.2289538238678506e-06	6.0610583174675535e-07	-5.2289538238672916e-06
-1.953125	-0.008145556050032603	0.0073102891230615221	4.6933732343984877e-07	-4.308367813295336e-06	4.6933732344017419e-07	-4.3083678132947126e-06
-1.9140625	-0.0073131561917613953	0.006745727825144549	2.9037232274013795e-07	-3.5696455122460254e-06	2.9037232274037528e-07	-3.5696455122452665e-06
-1.875	-0.0065101557911443385	0.0062979941639853066	9.9676030196704451e-08	-2.9670229043075126e-06	9.96760301968512e-08	-2.9670229043070857e-06
-1.8359375	-0.0057322010898845808	0.0059407871683149829	-8.7044225854100369e-08	-2.4645088108359938e-06	-8.7044225853772845e-08	-2.4645088108356898e-06
-1.796875	-0.0049701889727753129	0.0056560662830612684	-2.6290878079625812e-07	-2.03466394539603e-06	-2.6290878079590248e-07	-2.034663945395606e-06
-1.7578125	-0.0042137290912050759	0.0054347238697255995	-4.2567952614002149e-07	-1.6576547123852995e-06	-4.256795261397127e-07	-1.6576547123850587e-06
-1.71875	-0.0034554227765712341	0.005274541604567343	-5.7423892954983007e-07	-1.3194350914539486e-06	-5.7423892954946087e-07	-1.3194350914536378e-06
-1.6796875	-0.0026923438480537117	0.0051759079768307062	-7.0687943842666173e-07	-1.0089857249301619e-06	-7.0687943842634928e-07	-1.0089857249299521e-06
-1.640625	-0.0019245000173052679	0.0051387957877389112	-8.2148656878838266e-07	-7.1621383387024812e-07	-8.2148656878823454e-07	-7.1621383387010031e-07
-1.6015625	-0.0011528713916077289	0.0051620251502774109	-9.1625196634529558e-07	-4.3116981217172849e-07	-9.1625196634485904e-07	-4.3116981217163828e-07
-1.5625	-0.00037833237620796934	0.0052435066895055787	-9.9003266844414085e-07	-1.4399818824398364e-07	-9.9003266844391321e-07	-1.4399818824391392e-07
-1.5234375	0.00039886862403800159	0.0053804520433011482	-1.0422945898795674e-06	1.5497563635041255e-07	-1.0422945898794018e-06	1.549756363504313e-07
-1.484375	0.0011796788037966171	0.0055694864638562549	-1.0728001655096129e-06	4.7529089618615871e-07	-1.0728001655090698e-06	4.7529089618621144e-07
-1.4453125	0.0019669648570237799	0.0058071135206036227	-1.0812024641681335e-06	8.2664411710115172e-07	-1.0812024641677466e-06	8.2664411710101397e-07
-1.40625	0.002765938977006009	0.0060906160053472184	-1.0666670118698302e-06	1.2194440421081178e-06	-1.0666670118695299e-06	1.2194440421081574e-06
-1.3671875	0.0035843708558936779	0.0064191170412157992	-1.0275767988536377e-06	1.6657699586617827e-06	-1.0275767988532189e-06	1.6657699586615639e-06
-1.328125	0.0044323550795549102	0.0067955894969130215	-9.6192196778680553e-07	2.1809484688417104e-06	-9.6192196778637545e-07	2.1809484688415961e-06
-1.2890625	0.0053193508120629954	0.0072290537003386213	-8.6927879978648126e-07	2.784678028674924e-06	-8.6927879978613069e-07	2.7846780286748071e-06
-1.25	0.0062491935759329698	0.0077327086402995682	-7.5317320351192886e-07	3.4997611509094502e-06	-7.5317320351137723e-07	3.4997611509092033e-06
-1.2109375	0.00721880724561688	0.0083176162584387668	-6.2093337242458309e-07	4.3490318982900102e-06	-6.2093337242434412e-07	4.3490318982897883e-06
-1.171875	0.0082227802640107827	0.008987467149552968	-4.8017654451135221e-07	5.3533772088714713e-06	-4.8017654451065204e-07	5.3533772088713324e-06
-1.1328125	0.0092607197812257618	0.009737836894020413	-3.3296390922180132e-07	6.5331327436725976e-06	-3.3296390922095133e-07	6.5331327436721834e-06
-1.09375	0.010344808796357387	0.010560918859572072	-1.697265221719653e-07	7.915548475767619e-06	-1.6972652217109238e-07	7.9155484757671701e-06
-1.0546875	0.011502474128289567	0.011456773887819082	3.009040166851301e-08	9.5489392535664577e-06	3.0090401669241597e-08	9.5489392535659698e-06
-1.015625	0.01276752815920798	0.012443484275367993	2.8563140060936243e-07	1.1513271203168617e-05	2.8563140061052334e-07	1.151327120316826e-05
-0.9765625	0.014167508161374538	0.013553808470445945	6.0282306815559392e-07	1.3917381698629681e-05	6.0282306815706564e-07	1.3917381698628646e-05
-0.9375	0.015723982939419463	0.014823721046156096	9.7852482715332502e-07	1.6895850140838477e-05	9.7852482715411615e-07	1.6895850140837881e-05
-0.8984375	0.017464846831488655	0.016291936636600175	1.410758579390037e-06	2.0628164616712148e-05	1.410758579391054e-06	2.062816461671165e-05
-0.859375	0.019429259836444505	0.01801504727789115	1.8865170669691054e-06	2.5379536068556897e-05	1.8865170669705868e-06	2.5379536068556263e-05
-0.8203125	0.021655324862384223	0.020080630149904768	2.3369656442585137e-06	3.1536162127094794e-05	2.3369656442601714e-06	3.1536162127093662e-05
-0.78125	0.024164997584311922	0.022605022946513845	2.5808801184450407e-06	3.9622060687380862e-05	2.5808801184463273e-06	3.9622060687379615e-05
-0.7421875	0.02696069056428578	0.025726309588630005	2.26508666856836e-06	5.0319004025566363e-05	2.2650866685704238e-06	5.0319004025565997e-05
-0.703125	0.030027811722498347	0.029606581051037473	7.7289745518563524e-07	6.4507001448913185e-05	7.72897455187313e-07	6.4507001448911518e-05
-0.6640625	0.033331456550487366	0.034443594785596152	-2.9431929680595811e-06	8.3312924724756869e-05	-2.9431929680576342e-06	8.3312924724755636e-05
-0.625	0.036802153750885698	0.040485803322240034	-1.0651111845826412e-05	0.00010813042402966695	-1.065111184582247e-05	0.0001081304240296651
-0.5859375	0.040308856207582393	0.048046348341026723	-2.5310090396532338e-05	0.00014053895987646073	-2.5310090396528485e-05	0.00014053895987646084
-0.546875	0.043615962959888961	0.057511711223967033	-5.178999324189995e-05	0.00018196990264710933	-5.1789993241896372e-05	0.00018196990264710846
-0.5078125	0.046319823400580641	0.069336746022027843	-9.7861813798645893e-05	0.00023281576549613288	-9.7861813798641109e-05	0.00023281576549613253
-0.46875	0.047761988230990975	0.084010650963462635	-0.00017528307720866634	0.00029044807219097283	-0.00017528307720866167	0.00029044807219097315
-0.4296875	0.046924701678786901	0.10196868549410373	-0.00030025269851981869	0.00034538746812317673	-0.00030025269851981256	0.00034538746812317537
-0.390625	0.042335660819381567	0.12341809270243878	-0.00049137902537946872	0.00037506127278891536	-0.0004913790253794607	0.0003750612727889165
-0.3515625	0.032038378855511654	0.14806084172548936	-0.00076180586432089486	0.0003360704442565255	-0.00076180586432088673	0.00033607044425652512
-0.3125	0.013700704608387116	0.17472331639895392	-0.0011014812106350412	0.00015955022784719253	-0.0011014812106350334	0.00015955022784719738
-0.2734375	-0.015036324179000381	0.20093829815122202	-0.0014484450660608792	-0.00023958466395674802	-0.0014484450660608719	-0.00023958466395674108
-0.234375	-0.05586171352758576	0.22264309010935904	-0.0016599345298289579	-0.00092358842633414814	-0.0016599345298289475	-0.00092358842633414261
-0.1953125	-0.10878570413508137	0.2342474861028872	-0.0015145057450491549	-0.0018562198568466788	-0.0015145057450491471	-0.0018562198568466755
-0.15625	-0.17093206234729871	0.22932508178477562	-0.00078928151081105857	-0.002816412947845977	-0.00078928151081105087	-0.0028164129478459713
-0.1171875	-0.23555504172074004	0.20242268101004626	0.00056567700640361895	-0.0033859764345494994	0.00056567700640362145	-0.0033859764345494947
-0.078125	-0.29265997438634678	0.15185610050891823	0.0022525454303446218	-0.0031261113173135196	0.0022525454303446257	-0.0031261113173134954
-0.0390625	-0.33189406787406095	0.081496013955932992	0.0036697591458063764	-0.0018907052885848139	0.0036697591458063721	-0.0018907052885847944
0.0	-0.34584765759073921	-5.278954310019608e-21	0.004223519757782135	-1.7666423879347805e-17	0.0042235197577821255	6.5503158452884234e-19
0.0390625	-0.33189406787406095	-0.081496013955932992	0.0036697591458063708	0.0018907052885847671	0.0036697591458063807	0.001890705288584794
0.078125	-0.29265997438634678	-0.15185610050891823	0.0022525454303446387	0.0031261113173134897	0.0022525454303446274	0.0031261113173135114
0.1171875	-0.23555504172074004	-0.20242268101004626	0.00056567700640363207	0.0033859764345494855	0.00056567700640361982	0.003385976434549489
0.15625	-0.17093206234729871	-0.22932508178477562	-0.00078928151081104068	0.0028164129478459583	-0.00078928151081105325	0.002816412947845967
0.1953125	-0.10878570413508137	-0.2342474861028872	-0.0015145057450491304	0.0018562198568466799	-0.0015145057450491502	0.001856219856846682
0.234375	-0.05586171352758576	-0.22264309010935904	-0.0016599345298289475	0.00092358842633414153	-0.0016599345298289514	0.00092358842633413871
0.2734375	-0.015036324179000381	-0.20093829815122202	-0.0014484450660608825	0.00023958466395674241	-0.0014484450660608697	0.00023958466395673859
0.3125	0.013700704608387116	-0.17472331639895392	-0.0011014812106350247	-0.00015955022784719161	-0.0011014812106350366	-0.00015955022784719722
0.3515625	0.032038378855511654	-0.14806084172548936	-0.00076180586432087914	-0.00033607044425651965	-0.00076180586432088716	-0.00033607044425652621
0.390625	0.042335660819381567	-0.12341809270243878	-0.0004913790253794556	-0.00037506127278891151	-0.0004913790253794646	-0.00037506127278891612
0.4296875	0.046924701678786901	-0.10196868549410373	-0.00030025269851980958	-0.00034538746812317489	-0.00030025269851981435	-0.00034538746812317798
0.46875	0.047761988230990975	-0.084010650963462635	-0.00017528307720865791	-0.00029044807219096838	-0.00017528307720866026	-0.00029044807219097386
0.5078125	0.046319823400580641	-0.069336746022027843	-9.7861813798638819e-05	-0.00023281576549612801	-9.7861813798642017e-05	-0.00023281576549613302
0.546875	0.043615962959888961	-0.057511711223967033	-5.178999324189503e-05	-0.00018196990264710583	-5.1789993241897239e-05	-0.00018196990264710922
0.5859375	0.040308856207582393	-0.048046348341026723	-2.5310090396527076e-05	-0.00014053895987645832	-2.5310090396530427e-05	-0.00014053895987646041
0.625	0.036802153750885698	-0.040485803322240034	-1.0651111845822539e-05	-0.00010813042402966298	-1.0651111845824233e-05	-0.00010813042402966646
0.6640625	0.033331456550487366	-0.034443594785596152	-2.9431929680561603e-06	-8.3312924724753847e-05	-2.9431929680578091e-06	-8.3312924724756097e-05
0.703125	0.030027811722498347	-0.029606581051037473	7.7289745518840938e-07	-6.4507001448909431e-05	7.7289745518695777e-07	-6.4507001448912033e-05
0.7421875	0.02696069056428578	-0.025726309588630005	2.2650866685709426e-06	-5.0319004025564276e-05	2.2650866685705098e-06	-5.0319004025565509e-05
0.78125	0.024164997584311922	-0.022605022946513845	2.5808801184460897e-06	-3.9622060687378945e-05	2.5808801184462121e-06	-3.9622060687380415e-05
0.8203125	0.021655324862384223	-0.020080630149904768	2.3369656442607817e-06	-3.1536162127092693e-05	2.3369656442602307e-06	-3.1536162127094252e-05
0.859375	0.019429259836444505	-0.01801504727789115	1.8865170669709608e-06	-2.5379536068554888e-05	1.8865170669702031e-06	-2.5379536068556521e-05
0.8984375	0.017464846831488655	-0.016291936636600175	1.4107585793918382e-06	-2.0628164616710955e-05	1.4107585793909875e-06	-2.0628164616711599e-05
0.9375	0.015723982939419463	-0.014823721046156096	9.7852482715450748e-07	-1.6895850140836821e-05	9.785248271541369e-07	-1.6895850140837895e-05
0.9765625	0.014167508161374538	-0.013553808470445945	6.0282306815689084e-07	-1.3917381698627891e-05	6.0282306815677013e-07	-1.3917381698629225e-05
1.015625	0.01276752815920798	-0.012443484275367993	2.8563140061081403e-07	-1.1513271203167677e-05	2.8563140061023673e-07	-1.1513271203168458e-05
1.0546875	0.011502474128289567	-0.011456773887819082	3.0090401669519153e-08	-9.5489392535651956e-06	3.0090401669067433e-08	-9.5489392535661307e-06
1.09375	0.010344808796357387	-0.010560918859572072	-1.6972652217071423e-07	-7.9155484757668889e-06	-1.6972652217102369e-07	-7.9155484757674598e-06
1.1328125	0.0092607197812257618	-0.009737836894020413	-3.3296390922101935e-07	-6.5331327436717802e-06	-3.3296390922111369e-07	-6.5331327436723214e-06
1.171875	0.0082227802640107827	-0.008987467149552968	-4.8017654451043138e-07	-5.3533772088708089e-06	-4.8017654451076522e-07	-5.3533772088712892e-06
1.2109375	0.00721880724561688	-0.0083176162584387668	-6.2093337242412898e-07	-4.3490318982893453e-06	-6.2093337242430177e-07	-4.3490318982898476e-06
1.25	0.0062491935759329698	-0.0077327086402995682	-7.5317320351119543e-07	-3.499761150908859e-06	-7.5317320351148618e-07	-3.4997611509093384e-06
1.2890625	0.0053193508120629954	-0.0072290537003386213	-8.6927879978599654e-07	-2.7846780286744366e-06	-8.692787997862821e-07	-2.7846780286747525e-06
1.328125	0.0044323550795549102	-0.0067955894969130215	-9.6192196778601483e-07	-2.1809484688413508e-06	-9.6192196778643919e-07	-2.1809484688416138e-06
1.3671875	0.0035843708558936779	-0.0064191170412157992	-1.0275767988529124e-06	-1.6657699586614458e-06	-1.0275767988532438e-06	-1.6657699586617204e-06
1.40625	0.002765938977006009	-0.0060906160053472184	-1.0666670118693802e-06	-1.2194440421078591e-06	-1.0666670118695949e-06	-1.2194440421082631e-06
1.4453125	0.0019669648570237799	-0.0058071135206036227	-1.0812024641674963e-06	-8.266441171009009e-07	-1.0812024641676833e-06	-8.2664411710118815e-07
1.484375	0.0011796788037966171	-0.0055694864638562549	-1.0728001655089935e-06	-4.7529089618609836e-07	-1.0728001655092104e-06	-4.7529089618626491e-07
1.5234375	0.00039886862403800159	-0.0053804520433011482	-1.0422945898790793e-06	-1.5497563635031298e-07	-1.0422945898794838e-06	-1.5497563635051385e-07
1.5625	-0.00037833237620796934	-0.0052435066895055787	-9.9003266844370611e-07	1.4399818824394132e-07	-9.9003266844400045e-07	1.4399818824389309e-07
1.6015625	-0.0011528713916077289	-0.0051620251502774109	-9.1625196634472711e-07	4.3116981217164003e-07	-9.1625196634494702e-07	4.311698121716251e-07
1.640625	-0.0019245000173052679	-0.0051387957877389112	-8.2148656878790991e-07	7.1621383387008994e-07	-8.2148656878823814e-07	7.1621383387014404e-07
1.6796875	-0.0026923438480537117	-0.0051759079768307062	-7.0687943842622117e-07	1.0089857249299165e-06	-7.0687943842640042e-07	1.0089857249299489e-06
1.71875	-0.0034554227765712341	-0.005274541604567343	-5.7423892954930713e-07	1.3194350914535359e-06	-5.7423892954961132e-07	1.3194350914536685e-06
1.7578125	-0.0042137290912050759	-0.0054347238697255995	-4.2567952613950491e-07	1.6576547123849435e-06	-4.2567952613980598e-07	1.6576547123850668e-06
1.796875	-0.0049701889727753129	-0.0056560662830612684	-2.6290878079575885e-07	2.0346639453956044e-06	-2.6290878079603954e-07	2.0346639453956924e-06
1.8359375	-0.0057322010898845808	-0.0059407871683149829	-8.7044225853440822e-08	2.4645088108354183e-06	-8.704422585391111e-08	2.4645088108356474e-06
1.875	-0.0065101557911443385	-0.0062979941639853066	9.9676030197274478e-08	2.967022904306951e-06	9.9676030197004208e-08	2.9670229043070348e-06
1.9140625	-0.0073131561917613953	-0.006745727825144549	2.9037232274081933e-07	3.5696455122452482e-06	2.903723227399957e-07	3.5696455122456146e-06
1.953125	-0.008145556050032603	-0.0073102891230615221	4.6933732344065123e-07	4.3083678132942848e-06	4.6933732344007287e-07	4.3083678132947778e-06
1.9921875	-0.0090049548264523483	-0.0080261450355342198	6.0610583174716542e-07	5.2289538238667317e-06	6.0610583174666694e-07	5.2289538238671789e-06
2.03125	-0.0098786684175824271	-0.008937157509731895	6.4496693900852337e-07	6.3870086987437652e-06	6.4496693900752726e-07	6.3870086987437542e-06
2.0703125	-0.01073724616398266	-0.010096947059690903	4.8826796572171844e-07	7.8426766752296523e-06	4.8826796572148604e-07	7.8426766752300877e-06
2.109375	-0.011525021160496052	-0.01156662292802086	-2.6674499563299897e-08	9.6432994310583875e-06	-2.6674499564197792e-08	9.6432994310587602e-06
2.1484375	-0.012147104889378143	-0.013407373405580391	-1.1533833468453499e-06	1.1781878806220097e-05	-1.1533833468462573e-06	1.1781878806220626e-05
2.1875	-0.012453663720692589	-0.01566229525012967	-3.2468003442632235e-06	1.4112794451722673e-05	-3.2468003442637008e-06	1.41127944517227e-05
2.2265625	-0.012228150967732535	-0.018318923956993576	-6.7077527876240468e-06	1.6212626452427574e-05	-6.7077527876246981e-06	1.6212626452427696e-05
2.265625	-0.011199134385828133	-0.021245084711796255	-1.1762729650731755e-05	1.7230019879365426e-05	-1.1762729650732866e-05	1.723001987936585e-05
2.3046875	-0.0091163433338812966	-0.024111144553652288	-1.7996580385588529e-05	1.5934835232599565e-05	-1.7996580385590308e-05	1.5934835232599809e-05
2.34375	-0.0059249996910468406	-0.026376227816735209	-2.3881798479391893e-05	1.1355364013490392e-05	-2.3881798479392988e-05	1.1355364013490161e-05
2.3828125	-0.0019535407856355472	-0.027465789407651747	-2.7158382136357801e-05	3.9381169558178097e-06	-2.7158382136359323e-05	3.9381169558175209e-06
2.421875	0.0021255039358740418	-0.027106719628231395	-2.6447465079365023e-05	-4.1200958201188229e-06	-2.6447465079366341e-05	-4.1200958201190465e-06
2.4609375	0.0056330069983350911	-0.025498323067469908	-2.2415585196109664e-05	-1.0361835346298169e-05	-2.2415585196110643e-05	-1.0361835346298772e-05
2.5	0.0081923183109890978	-0.023132316460589577	-1.6974253530703004e-05	-1.3700043026534141e-05	-1.6974253530703495e-05	-1.3700043026534598e-05
2.5390625	0.0097558329381698065	-0.020510872893187947	-1.1813654942234312e-05	-1.4479983820369353e-05	-1.181365494223542e-05	-1.4479983820370372e-05
2.578125	0.010476931045650013	-0.018004480644835938	-7.7848105510000629e-06	-1.3657154618960395e-05	-7.7848105510008371e-06	-1.3657154618961331e-05
2.6171875	0.010592563011111847	-0.015826982912453783	-5.0238948930905329e-06	-1.2141296773108459e-05	-5.0238948930912283e-06	-1.2141296773109306e-05
2.65625	0.010344811013081857	-0.014055768820859127	-3.291071544398965e-06	-1.0531810646741799e-05	-3.2910715443996668e-06	-1.0531810646742334e-05
2.6953125	0.0099348322162185476	-0.012668759041930513	-2.2470112347013261e-06	-9.1169065847661465e-06	-2.2470112347016971e-06	-9.1169065847666428e-06
2.734375	0.0095003107719858187	-0.011581942769278011	-1.5964342170355472e-06	-7.9704653560764814e-06	-1.5964342170360726e-06	-7.9704653560766119e-06
2.7734375	0.0091042615599532615	-0.010686174287867964	-1.1395059596069152e-06	-7.0475404946564069e-06	-1.1395059596071845e-06	-7.0475404946568474e-06
2.8125	0.0087398196839502552	-0.0098897042381996866	-7.8044480484496256e-07	-6.261241807061426e-06	-7.8044480484555718e-07	-6.2612418070619935e-06
2.8515625	0.0083634890361190938	-0.0091512069357630749	-5.0341538915198857e-07	-5.5442315571685454e-06	-5.0341538915258806e-07	-5.5442315571691442e-06
2.890625	0.0079390907969646325	-0.0084777250917206157	-3.2328178630770879e-07	-4.8755171658634566e-06	-3.2328178630783579e-07	-4.8755171658640224e-06
2.9296875	0.0074588853825384958	-0.0078975391679106544	-2.4642098567473001e-07	-4.2670186437234364e-06	-2.4642098567496734e-07	-4.2670186437240767e-06
2.96875	0.006941216360796503	-0.0074376960864374333	-2.6057008314227665e-07	-3.7395090467094845e-06	-2.6057008314247649e-07	-3.7395090467099207e-06
3.0078125	0.0064227486533526452	-0.0071122933516616074	-3.3971648692745601e-07	-3.3086298998414553e-06	-3.3971648692773114e-07	-3.3086298998418234e-06
3.046875	0.005949843704596538	-0.0069139414218375266	-4.5063562636316022e-07	-2.979367390196722e-06	-4.5063562636319426e-07	-2.9793673901970689e-06
3.0859375	0.0055648090589733613	-0.0068075577099041742	-5.5817869083915554e-07	-2.7435420928342977e-06	-5.5817869083933416e-07	-2.7435420928346174e-06
3.125	0.0052855346529307986	-0.0067335799858862788	-6.3153083985803661e-07	-2.5774358476152367e-06	-6.3153083985826446e-07	-2.5774358476154967e-06
3.1640625	0.0050885871996178746	-0.0066297999684687189	-6.5520497665044829e-07	-2.4430949134415608e-06	-6.5520497665066852e-07	-2.4430949134419894e-06
3.203125	0.0049168014503248895	-0.0064641020351849142	-6.3877472340379514e-07	-2.3015884039162475e-06	-6.3877472340404184e-07	-2.3015884039167422e-06
3.2421875	0.0047121151757844497	-0.0062474496772817346	-6.1029515650007397e-07	-2.1318133880207065e-06	-6.1029515650013019e-07	-2.1318133880209873e-06
3.28125	0.0044408826070549889	-0.0060159777473821202	-5.9726845472034308e-07	-1.9346185260205339e-06	-5.972684547207109e-07	-1.934618526020907e-06
3.3203125	0.0040937870883031233	-0.0058087690514528716	-6.1568047433687198e-07	-1.7219136425969256e-06	-6.1568047433718147e-07	-1.7219136425971685e-06
3.359375	0.0036763450952116117	-0.0056593055162106687	-6.7093832801415034e-07	-1.5064486842357831e-06	-6.709383280144557e-07	-1.5064486842360174e-06
3.3984375	0.0032026388301964626	-0.0055941165656371878	-7.6225030715801107e-07	-1.2971058000291747e-06	-7.6225030715842104e-07	-1.2971058000294237e-06
3.4375	0.0026908426114521582	-0.0056329954089198884	-8.8715843096327226e-07	-1.0972553208077105e-06	-8.871584309633935e-07	-1.0972553208079189e-06
3.4765625	0.0021598941621443902	-0.005791521736156045	-1.0458754236650237e-06	-9.0536006015036201e-07	-1.0458754236653284e-06	-9.0536006015057885e-07
3.515625	0.0016291864030618436	-0.0060852062170791907	-1.2448555009604255e-06	-7.1730513890268142e-07	-1.2448555009606589e-06	-7.1730513890275501e-07
3.5546875	0.0011220300471526791	-0.0065331732963971254	-1.4998997815223195e-06	-5.3005583349450238e-07	-1.4998997815227555e-06	-5.300558334945333e-07
3.59375	0.00067279208815852504	-0.0071590305810450908	-1.8391962873186761e-06	-3.4778113916651351e-07	-1.8391962873191348e-06	-3.4778113916677233e-07
3.6328125	0.00033627316710482921	-0.0079861505198443403	-2.304859799368105e-06	-1.9310430624581572e-07	-2.304859799368495e-06	-1.9310430624595415e-07
3.671875	0.00019642148699671569	-0.0090250627950405095	-2.9472818414041362e-06	-1.2642068458323595e-07	-2.9472818414046706e-06	-1.2642068458342953e-07
3.7109375	0.00036971774738924764	-0.01025010540502448	-3.7986962269429148e-06	-2.7155866358009321e-07	-3.7986962269433747e-06	-2.7155866358030344e-07
3.75	0.00099091498468506273	-0.011563341323229608	-4.8058247784504789e-06	-8.2561621434051331e-07	-4.805824778450855e-06	-8.2561621434060628e-07
3.7890625	0.0021582332907488641	-0.012760939732262758	-5.7289806001932095e-06	-1.9889932073834314e-06	-5.7289806001936314e-06	-1.9889932073836576e-06
3.828125	0.003835291587109753	-0.013555427209449628	-6.1246439381874955e-06	-3.7590394071841215e-06	-6.1246439381881401e-06	-3.7590394071845628e-06
3.8671875	0.0057873496601881383	-0.013702324276256431	-5.5922576182790957e-06	-5.7381891218892408e-06	-5.5922576182796327e-06	-5.7381891218897473e-06
3.90625	0.007663752533348017	-0.01315388597503602	-4.1466066363074723e-06	-7.2986112768489436e-06	-4.1466066363081923e-06	-7.2986112768492434e-06
3.9453125	0.0091802961814955557	-0.012073828583807733	-2.2347829520258304e-06	-8.0282955561728331e-06	-2.2347829520260104e-06	-8.0282955561735954e-06
3.984375	0.010218217448556612	-0.010710119536360932	-3.7909423054679273e-07	-7.928907177584178e-06	-3.790942305469579e-07	-7.9289071775850115e-06
4.0234375	0.010793563019237722	-0.0092798516854508423	1.095931656066653e-06	-7.2581845478687824e-06	1.0959316560666996e-06	-7.2581845478698217e-06
4.0625	0.010991701418374184	-0.0079300503881825045	2.095173027196925e-06	-6.3169566017862239e-06	2.0951730271968263e-06	-6.3169566017866525e-06
4.1015625	0.010919509953003814	-0.0067386827941776231	2.672007187040923e-06	-5.3329361032840351e-06	2.672007187040785e-06	-5.3329361032850727e-06
4.140625	0.010675321801977659	-0.0057301501588941373	2.9372603849145945e-06	-4.4334388490822219e-06	2.9372603849146085e-06	-4.4334388490825277e-06
4.1796875	0.01033472144496487	-0.004896167202361845	2.9995358369710536e-06	-3.667284423257373e-06	2.9995358369711955e-06	-3.6672844232575784e-06
4.21875	0.009949076342699573	-0.004213733362069331	2.9416663153607844e-06	-3.0382927566567417e-06	2.9416663153606874e-06	-3.0382927566575773e-06
4.2578125	0.0095503114355258104	-0.0036564259732303501	2.8190509285310822e-06	-2.530704084783133e-06	2.8190509285311707e-06	-2.5307040847838013e-06
4.296875	0.0091569045459185643	-0.0031998482876077665	2.6659527597878493e-06	-2.1233960008562594e-06	2.6659527597878667e-06	-2.1233960008567837e-06
4.3359375	0.0087787931099682845	-0.0028234459338639935	2.5024753391936628e-06	-1.7961916701016619e-06	2.5024753391935371e-06	-1.7961916701023408e-06
4.375	0.0084207001074084013	-0.0025106365429229983	2.3398451026394154e-06	-1.5319904256536498e-06	2.339845102639423e-06	-1.5319904256539783e-06
4.4140625	0.0080842574832316084	-0.0022483789564937706	2.1839241426092743e-06	-1.3171029440683682e-06	2.1839241426093463e-06	-1.3171029440686333e-06
4.453125	0.0077693870618251032	-0.0020265834283909679	2.0374579002224628e-06	-1.1409010591915045e-06	2.0374579002226779e-06	-1.1409010591920042e-06
4.4921875	0.0074751684557337432	-0.0018374771230694638	1.9014625105233413e-06	-9.9523810032757003e-07	1.9014625105232748e-06	-9.9523810032782118e-07
4.53125	0.0072003200708186128	-0.0016750287134377644	1.7760275294683868e-06	-8.7386860398595529e-07	1.7760275294685471e-06	-8.7386860398623491e-07
4.5703125	0.0069434391091986441	-0.0015345063788547322	1.6607592819105272e-06	-7.7197650718369147e-07	1.6607592819106242e-06	-7.7197650718404913e-07
4.609375	0.0067031199709305014	-0.0014121567035360184	1.5550267093478531e-06	-6.8581970126958069e-07	1.5550267093478836e-06	-6.8581970127000473e-07
4.6484375	0.0064780133549778001	-0.001304972575346243	1.4580996017484398e-06	-6.1246774437115951e-07	1.4580996017485325e-06	-6.1246774437165598e-07
4.6875	0.0062668512597680911	-0.001210524384897875	1.3692246253270085e-06	-5.4960847709174748e-07	1.3692246253269922e-06	-5.496084770922198e-07
4.7265625	0.0060684583835154994	-0.0011268361248843227	1.2876679528666866e-06	-4.9540531354266072e-07	1.2876679528666957e-06	-4.9540531354290487e-07
4.765625	0.005881755924404865	-0.0010522930895846599	1.212738122936568e-06	-4.4839086932219803e-07	1.2127381229365892e-06	-4.4839086932234155e-07
4.8046875	0.0057057612806934409	-0.00098556877449101086	1.1437974375773098e-06	-4.0738549096331797e-07	1.1437974375774263e-06	-4.0738549096371385e-07
4.84375	0.0055395849507632504	-0.00092556717602805527	1.0802661616935678e-06	-3.7143480971985663e-07	1.0802661616936376e-06	-3.7143480972023567e-07
4.8828125	0.0053824241331418702	-0.00087137639134019006	1.0216218218602527e-06	-3.397613211287481e-07	1.0216218218604408e-06	-3.3976132112904557e-07
4.921875	0.005233554426505335	-0.00082223201813047043	9.6739572517482474e-07	-3.1172707484601648e-07	9.6739572517489631e-07	-3.117270748463085e-07
4.9609375	0.005092319329670289	-0.00077748925453867098	9.171675765710281e-07	-2.8680513466177058e-07	9.1716757657116204e-07	-2.868051346620384e-07
5.0	0.0049581211415822826	-0.00073660469905100661	8.7056008084799264e-07	-2.6455887259538604e-07	8.7056008084803605e-07	-2.6455887259563634e-07
5.0390625	0.0048304172613055675	-0.00069912315043176476	8.2723540799671712e-07	-2.4462630140162731e-07	8.2723540799690272e-07	-2.4462630140200932e-07
5.078125	0.0047087199880149182	-0.00066466330766779425	7.8689298207983539e-07	-2.2670639073612505e-07	7.868929820799779e-07	-2.2670639073651987e-07
5.1171875	0.0045925936209850029	-0.00063290186992203616	7.4926638783339308e-07	-2.1054659201984695e-07	7.4926638783339477e-07	-2.1054659202025903e-07
5.15625	0.0044816480595782724	-0.00060355973649660333	7.1411916837736963e-07	-1.9593259386204181e-07	7.1411916837738827e-07	-1.9593259386230028e-07
5.1953125	0.0043755307032318025	-0.00057639460680604176	6.8124015248031279e-07	-1.8268142962649351e-07	6.8124015248030897e-07	-1.8268142962663861e-07
5.234375	0.0042739215514474788	-0.00055119548035691081	6.5044016390714037e-07	-1.7063622504187515e-07	6.5044016390718166e-07	-1.7063622504218062e-07
5.2734375	0.004176529203783517	-0.00052777975673224591	6.2154920933347496e-07	-1.5966244169286419e-07	6.2154920933345759e-07	-1.5966244169290061e-07
5.3125	0.0040830888598476231	-0.00050599053557892637	5.9441451759339424e-07	-1.4964471918402916e-07	5.944145175934494e-07	-1.4964471918439449e-07
5.3515625	0.0039933625192923577	-0.00048569351659717166	5.6889939472944825e-07	-1.4048405641933488e-07	5.6889939472947429e-07	-1.4048405641944581e-07
5.390625	0.0039071389818104837	-0.0004667732995313964	5.4488210945137027e-07	-1.3209514177195719e-07	5.4488210945134507e-07	-1.3209514177209121e-07
5.4296875	0.0038242345471312376	-0.00044912848416209407	5.2225508045647671e-07	-1.2440368259217401e-07	5.2225508045649926e-07	-1.2440368259233212e-07
5.46875	0.0037444946150174789	-0.00043266507029853137	5.0092439602995884e-07	-1.1734360986376741e-07	5.0092439603005477e-07	-1.1734360986401685e-07
5.5078125	0.0036677926852620511	-0.00041728635777108869	4.8080874596161308e-07	-1.1085359627067382e-07	4.8080874596166708e-07	-1.1085359627087941e-07
5.546875	0.0035940253576834716	-0.00040287864642327826	4.6183750311397432e-07	-1.0487277579886009e-07	4.6183750311401699e-07	-1.048727757989879e-07
5.5859375	0.0035230941321176732	-0.00038929493610366983	4.4394566168924673e-07	-9.9336091096321208e-08	4.4394566168924621e-07	-9.9336091096483137e-08
5.625	0.0034548678084036612	-0.00037635462666363501	4.2706401964711928e-07	-9.4173686708937916e-08	4.2706401964711775e-07	-9.4173686709153128e-08
5.6640625	0.0033891472863704468	-0.00036388071796793502	4.1111006436925936e-07	-8.9319707963256605e-08	4.1111006436927481e-07	-8.9319707963385566e-08
5.703125	0.0033256775658399122	-0.00035176450991458572	3.9599060964948409e-07	-8.4728009839713374e-08	3.9599060964954396e-07	-8.472800983994509e-08
5.7421875	0.0032642124466476818	-0.00033999070244149731	3.8161771348593345e-07	-8.037804338844177e-08	3.8161771348600004e-07	-8.0378043388603871e-08
5.78125	0.0032045658286591334	-0.00032860279551304058	3.6792123967573453e-07	-7.6265766162034029e-08	3.6792123967573194e-07	-7.6265766162163916e-08
5.8203125	0.0031466151117690486	-0.00031765668910292417	3.548493389217861e-07	-7.23915886637004e-08	3.5484933892178383e-07	-7.2391588663837831e-08
5.859375	0.0030902840958942361	-0.00030719638318516386	3.4236366559145215e-07	-6.875406025178654e-08	3.4236366559150784e-07	-6.8754060251926737e-08
5.8984375	0.0030355258809665873	-0.00029724437773075212	3.3043469638171303e-07	-6.5347484419713711e-08	3.3043469638169964e-07	-6.5347484419878379e-08
5.9375	0.0029823060669267568	-0.00028779897270677534	3.1903741590639336e-07	-6.2161322700060422e-08	3.1903741590645768e-07	-6.2161322700295011e-08
5.9765625	0.0029305907537199305	-0.00027884076807831653	3.0814826491543485e-07	-5.9181752465622184e-08	3.0814826491553093e-07	-5.9181752465709654e-08
6.015625	0.0028803411412938484	-0.00027034036381058804	2.9774376227807812e-07	-5.6393473500314406e-08	2.9774376227814736e-07	-5.6393473500387515e-08
6.0546875	0.0028315134295985142	-0.0002622649598706791	2.8780038666071391e-07	-5.3781217995637178e-08	2.8780038666074514e-07	-5.3781217995665521e-08
6.09375	0.0027840598185859778	-0.00025458185622828687	2.782947588238948e-07	-5.1330503731226988e-08	2.7829475882398501e-07	-5.1330503731289298e-08
6.1328125	0.0027379307082110384	-0.00024726085285612704	2.6920406720862166e-07	-4.9028112041137972e-08	2.6920406720868132e-07	-4.9028112041241005e-08
6.171875	0.0026930762984312025	-0.00024027444972974063	2.6050637421109816e-07	-4.6862073577830167e-08	2.6050637421111362e-07	-4.6862073578004702e-08
6.2109375	0.0026494471892067558	-0.0002335981468273087	2.5218069679283693e-07	-4.4821652911723293e-08	2.5218069679290734e-07	-4.4821652911894334e-08
6.25	0.0026069956805007642	-0.00022721004412933901	2.4420722058164457e-07	-4.2897210851192763e-08	2.4420722058162096e-07	-4.2897210851291952e-08
6.2890625	0.0025656752722788964	-0.00022109074161841887	2.3656715119240395e-07	-4.1080103175377389e-08	2.3656715119244125e-07	-4.1080103175407888e-08
6.328125	0.002525441764509371	-0.00021522293927895509	2.2924287398478957e-07	-3.9362557735711418e-08	2.2924287398487544e-07	-3.9362557735808357e-08
6.3671875	0.0024862528571627045	-0.0002095915370970134	2.2221781846526214e-07	-3.7737627566462356e-08	2.2221781846533569e-07	-3.7737627566642854e-08
6.40625	0.0024480684502116864	-0.00020418273506000163	2.1547647175043615e-07	-3.6198980472785137e-08	2.1547647175048144e-07	-3.6198980472899228e-08
6.4453125	0.0024108504436310524	-0.00019898453315662378	2.0900428035879187e-07	-3.4740943550608015e-08	2.0900428035881008e-07	-3.474094355068974e-08
6.484375	0.0023745632373975353	-0.00019398573137661138	2.0278770076127134e-07	-3.3358294848094294e-08	2.0278770076131784e-07	-3.3358294848178574e-08
6.5234375	0.0023391726314895265	-0.00018917642971068085	1.9681395115573147e-07	-3.2046304485331488e-08	1.9681395115576598e-07	-3.2046304485465107e-08
6.5625	0.0023046468258869964	-0.00018454742815037271	1.910711490739174e-07	-3.0800616863731437e-08	1.9107114907393943e-07	-3.0800616863838884e-08
6.6015625	0.0022709556205714118	-0.00018009042668799482	1.8554812857196432e-07	-2.961724981371213e-08	1.8554812857197422e-07	-2.9617249813898421e-08
6.640625	0.0022380710155256384	-0.00017579752531649421	1.8023450779111555e-07	-2.8492498277489179e-08	1.8023450779115959e-07	-2.8492498277671612e-08
6.6796875	0.002205966710733788	-0.00017166132402940604	1.7512056592794077e-07	-2.7422927512129881e-08	1.751205659279876e-07	-2.7422927512199917e-08
6.71875	0.0021746186061811488	-0.00016767432282073578	1.701972955131111e-07	-2.64052687518646e-08	1.7019729551314665e-07	-2.6405268751971075e-08
6.7578125	0.002144004701854232	-0.00016382802168479836	1.6545635922781671e-07	-2.543626929868044e-08	1.6545635922784083e-07	-2.5436269298774745e-08
6.796875	0.002114103397740257	-0.00016011242061611446	1.6088979914391875e-07	-2.4512597677090354e-08	1.608897991439871e-07	-2.4512597677226585e-08
6.8359375	0.0020848925938272696	-0.00015651531960929736	1.5648989190249624e-07	-2.3630736461271958e-08	1.5648989190255696e-07	-2.3630736461398729e-08
6.875	0.0020563468901034524	-0.00015302421865925992	1.5224870301180466e-07	-2.2787250493065715e-08	1.522487030118121e-07	-2.2787250493178049e-08
6.9140625	0.0020284378865573164	-0.00014963031776166896	1.4815811065267345e-07	-2.1979376982895257e-08	1.4815811065269323e-07	-2.197937698307632e-08
6.953125	0.0020011376831780324	-0.00014632971691307437	1.4421032314643651e-07	-2.1205195774299813e-08	1.4421032314646264e-07	-2.1205195774380267e-08
6.9921875	0.001974421979955746	-0.00014312251611074521	1.4039832016917035e-07	-2.0463478920037479e-08	1.4039832016918369e-07	-2.0463478920090405e-08
7.03125	0.0019482705768816041	-0.0001400093153522242	1.3671591743235172e-07	-1.9753156468767311e-08	1.367159174323931e-07	-1.9753156468870285e-08
7.0703125	0.0019226662739475996	-0.00013699071463522773	1.331575709244924e-07	-1.9073225208137697e-08	1.331575709245303e-07	-1.9073225208271721e-08
7.109375	0.0018975939711463768	-0.00013406581395746284	1.2971823240512989e-07	-1.842252948730639e-08	1.297182324051574e-07	-1.8422529487368525e-08
7.1484375	0.0018730399684711069	-0.00013123261331666837	1.2639322369067744e-07	-1.7799819054438499e-08	1.263932236906758e-07	-1.7799819054549103e-08
7.1875	0.0018489909659153672	-0.00012848801271060981	1.2317808379589792e-07	-1.7203746577994043e-08	1.2317808379590652e-07	-1.7203746578119043e-08
7.2265625	0.0018254334634730349	-0.00012582831213712171	1.2006847564689827e-07	-1.6632935629083038e-08	1.2006847564694528e-07	-1.6632935629179468e-08
7.265625	0.0018023542611383875	-0.0001232498115941711	1.1706024248658403e-07	-1.6086066696948646e-08	1.1706024248660563e-07	-1.608606669702467e-08
7.3046875	0.0017797403589059446	-0.00012074891107985788	1.1414938713599785e-07	-1.5561886818184485e-08	1.1414938713599594e-07	-1.5561886818330277e-08
7.34375	0.0017575786567704946	-0.00011832201059239427	1.1133202885293456e-07	-1.5059191276442471e-08	1.1133202885296647e-07	-1.5059191276488631e-08
7.3828125	0.0017358566547271668	-0.00011596591013013927	1.0860448462454622e-07	-1.457687793505309e-08	1.0860448462455506e-07	-1.4576877935103652e-08
7.421875	0.0017145620527713493	-0.0001136776096915662	1.0596321281362738e-07	-1.4113913682863786e-08	1.0596321281367058e-07	-1.4113913682968406e-08
7.4609375	0.0016936830508986476	-0.00011145420927525168	1.034048456425938e-07	-1.3669321285663707e-08	1.0340484564263153e-07	-1.3669321285747256e-08
7.5	0.0016732081491049788	-0.00010929330887989892	1.0092615455531409e-07	-1.324222362818618e-08	1.0092615455533717e-07	-1.3242223628234535e-08
7.5390625	0.0016531263473864436	-0.00010719220850425921	9.8524075198813506e-08	-1.2831744232120313e-08	9.8524075198798934e-08	-1.2831744232194771e-08
7.578125	0.0016334268457393621	-0.00010514880814721053	9.6195658082806616e-08	-1.2437111991463121e-08	9.6195658082840616e-08	-1.2437111991537176e-08
7.6171875	0.0016140994441602981	-0.00010316080780767794	9.3938117367259157e-08	-1.2057565087604511e-08	9.393811736726592e-08	-1.205756508770022e-08
7.65625	0.0015951342426459671	-0.00010122620748467329	9.1748785419771844e-08	-1.1692406480407256e-08	9.174878541974687e-08	-1.1692406480512527e-08
7.6953125	0.0015765215411932842	-9.9343107177270057e-05	8.9625098399415126e-08	-1.1340977117134035e-08	8.9625098399425793e-08	-1.1340977117210976e-08
7.734375	0.0015582522397993199	-9.7509606884596482e-05	8.7564638354150313e-08	-1.1002645785515787e-08	8.7564638354193074e-08	-1.1002645785599645e-08
7.7734375	0.0015403173384613191	-9.5723906605837215e-05	8.5565070487956227e-08	-1.0676815579187543e-08	8.5565070487975126e-08	-1.0676815579337531e-08
7.8125	0.0015227081371766568	-9.3984406340235372e-05	8.3624161790742893e-08	-1.0362934797312833e-08	8.3624161790756948e-08	-1.0362934797397889e-08
7.8515625	0.0015054164359428741	-9.2289406087070217e-05	8.1739800999801856e-08	-1.0060463405289133e-08	8.1739800999804278e-08	-1.0060463405348357e-08
7.890625	0.0014884341347576296	-9.0637605845686993e-05	7.9909947097803372e-08	-9.7689239562049872e-09	7.990994709782349e-08	-9.7689239562861502e-09
7.9296875	0.0014717535336186984	-8.9027305615440534e-05	7.8132664263549062e-08	-9.4878151479426018e-09	7.8132664263584531e-08	-9.4878151480276525e-09
7.96875	0.0014553669325239672	-8.7457305395751602e-05	7.6406069664559844e-08	-9.2167057445201092e-09	7.6406069664583349e-08	-9.2167057446503703e-09
8.0078125	0.0014392672314714671	-8.5926205186063632e-05	7.4728399010323251e-08	-8.9551618482491077e-09	7.4728399010368792e-08	-8.9551618483641685e-09
8.046875	0.0014234473304592843	-8.4432604985844943e-05	7.3097938355682049e-08	-8.7027641924401544e-09	7.3097938355703212e-08	-8.7027641924904023e-09
8.0859375	0.0014079004294856453	-8.2975504794618213e-05	7.1513050862529768e-08	-8.4591502394093954e-09	7.1513050862549806e-08	-8.4591502394595937e-09
8.125	0.0013926199285488362	-8.1553604611913957e-05	6.9972168012458902e-08	-8.2239401639950536e-09	6.9972168012501915e-08	-8.2239401640509495e-09
8.1640625	0.0013775995276472342	-8.0165804437298867e-05	6.8473794138406999e-08	-7.9967884690554074e-09	6.8473794138431033e-08	-7.9967884690842528e-09
8.203125	0.0013628329267793234	-7.8811104270365767e-05	6.7016474658885762e-08	-7.7773707749774207e-09	6.7016474658918293e-08	-7.777370775012647e-09
8.2421875	0.0013483141259436207	-7.7488304110720453e-05	6.5598825952918873e-08	-7.5653553298974963e-09	6.559882595291739e-08	-7.5653553299730642e-09
8.28125	0.0013340374251387666	-7.6196603958006857e-05	6.4219529284177503e-08	-7.360461532088356e-09	6.4219529284201617e-08	-7.3604615321404411e-09
8.3203125	0.0013199971243634107	-7.4934903811875735e-05	6.2877303546115667e-08	-7.1623888747420216e-09	6.287730354611167e-08	-7.1623888748414751e-09
8.359375	0.001306187823616335	-7.3702303672002617e-05	6.1570929863298637e-08	-6.9708670730688743e-09	6.1570929863320752e-08	-6.9708670731503251e-09
8.3984375	0.0012926042228963075	-7.2498103538089841e-05	6.0299230542717068e-08	-6.7856535915359653e-09	6.0299230542737277e-08	-6.7856535915314332e-09
8.4375	0.0012792412222022225	-7.1321203409835664e-05	5.9061080162589947e-08	-6.60647731079885e-09	5.9061080162620215e-08	-6.6064773108851903e-09
8.4765625	0.0012660937215329935	-7.017090328697144e-05	5.7855381210485811e-08	-6.4331124546039441e-09	5.7855381210502547e-08	-6.4331124546663507e-09
8.515625	0.0012531569208875807	-6.9046403169238055e-05	5.668109318429761e-08	-6.2653325720675396e-09	5.6681093184315656e-08	-6.265332572147863e-09
8.5546875	0.0012404262202650009	-6.7947003056393685e-05	5.5537220430044391e-08	-6.1029281465766646e-09	5.553722043005662e-08	-6.1029281466230413e-09
8.59375	0.001227897019664333	-6.6871902948203895e-05	5.4422793750048483e-08	-5.9456871037623751e-09	5.4422793750074066e-08	-5.9456871038327673e-09
8.6328125	0.0012155649190846779	-6.5820402844448964e-05	5.333688634856851e-08	-5.7934136298181013e-09	5.333688634859054e-08	-5.7934136298870245e-09
8.671875	0.0012034255185251767	-6.4791902744925142e-05	5.2278594912091858e-08	-5.6459265232888411e-09	5.2278594912095332e-08	-5.6459265233551297e-09
8.7109375	0.0011914747179850272	-6.3785602649428773e-05	5.1247066304241711e-08	-5.5030340934158746e-09	5.1247066304265653e-08	-5.503034093487774e-09
8.75	0.0011797085174634627	-6.2801102557784501e-05	5.0241475805933283e-08	-5.3645850933343657e-09	5.0241475805938054e-08	-5.3645850934177347e-09
8.7890625	0.001168122816959727	-6.1837602469806503e-05	4.9261012959837815e-08	-5.2303982725879152e-09	4.9261012959854034e-08	-5.2303982726123534e-09
8.828125	0.0011567139164731311	-6.0894502385327122e-05	4.8304920556402168e-08	-5.1003164067659239e-09	4.8304920556429663e-08	-5.1003164068439271e-09
8.8671875	0.0011454781160029957	-5.9971402304195144e-05	4.7372459378302629e-08	-4.9742034486996894e-09	4.737245937832266e-08	-4.9742034487435341e-09
8.90625	0.0011344116155486703	-5.9067602226251874e-05	4.6462901730059268e-08	-4.8519020979895462e-09	4.6462901730065508e-08	-4.8519020980644755e-09
8.9453125	0.0011235110151095577	-5.8182702151360315e-05	4.5575569431525847e-08	-4.7332858331213641e-09	4.5575569431555685e-08	-4.7332858331888075e-09
8.984375	0.0011127728146850422	-5.7316102079381526e-05	4.4709793693573783e-08	-4.6182151191728169e-09	4.4709793693599022e-08	-4.6182151192119888e-09
9.0234375	0.0011021937142745935	-5.6467302010185083e-05	4.3864937756422656e-08	-4.5065632806435617e-09	4.3864937756434196e-08	-4.5065632806672464e-09
9.0625	0.0010917705138776593	-5.5635901943652704e-05	4.304038786005068e-08	-4.3982155451948218e-09	4.3040387860055802e-08	-4.3982155452864477e-09
9.1015625	0.0010814999134937137	-5.4821401879664213e-05	4.2235537663854082e-08	-4.2930520878066969e-09	4.2235537663870473e-08	-4.2930520878484604e-09
9.140625	0.0010713789131222898	-5.4023401818112184e-05	4.1449818479842238e-08	-4.1909654210007425e-09	4.144981847985403e-08	-4.190965421063317e-09
9.1796875	0.0010614045127628996	-5.3241301758883988e-05	4.068267596287678e-08	-4.0918356418952546e-09	4.0682675962889181e-08	-4.091835641927748e-09
9.21875	0.0010515737124150997	-5.2474901701888455e-05	3.9933567458087445e-08	-3.9955767509654841e-09	3.9933567458096206e-08	-3.9955767510109443e-09
9.2578125	0.0010418838120784593	-5.1723701647025514e-05	3.9201987055327744e-08	-3.9020834669759052e-09	3.9201987055333733e-08	-3.9020834670010374e-09
9.296875	0.0010323319117525585	-5.0987301594205025e-05	3.848742531358182e-08	-3.8112601832428002e-09	3.8487425313612181e-08	-3.8112601832909553e-09
9.3359375	0.0010229154114370111	-5.0265301543338904e-05	3.7789407099195118e-08	-3.7230150128250676e-09	3.7789407099202278e-08	-3.7230150128865362e-09
9.375	0.0010136315111314307	-4.9557401494347791e-05	3.7107453238244009e-08	-3.6372651863374544e-09	3.7107453238263656e-08	-3.637265186376827e-09
9.4140625	0.001004477710835462	-4.8863301447153734e-05	3.6441117676239404e-08	-3.5539312011344674e-09	3.6441117676245565e-08	-3.5539312011825245e-09
9.453125	0.00099545161054874769	-4.8182501401677861e-05	3.5789972516505308e-08	-3.4729215771535893e-09	3.5789972516520833e-08	-3.4729215772095774e-09
9.4921875	0.00098655061027096646	-4.7514701357849753e-05	3.5153584612819534e-08	-3.3941609658937491e-09	3.5153584612830896e-08	-3.3941609659849197e-09
9.53125	0.00097777241000178254	-4.6859701315605571e-05	3.4531551775679852e-08	-3.3175841105667899e-09	3.4531551775695985e-08	-3.3175841106144785e-09
9.5703125	0.00096911470974089375	-4.6217001274874352e-05	3.3923481912205181e-08	-3.2431063388760578e-09	3.392348191222101e-08	-3.2431063389212475e-09
9.609375	0.00096057520948800927	-4.5586501235600396e-05	3.3328990445956246e-08	-3.1706731392158912e-09	3.3328990445989856e-08	-3.1706731392897253e-09
9.6484375	0.00095215160924284599	-4.4967801197721548e-05	3.2747702491527999e-08	-3.1002106171622033e-09	3.2747702491538971e-08	-3.1002106172293315e-09
9.6875	0.0009438419090051298	-4.4360601161181228e-05	3.2179271811937041e-08	-3.0316546695381581e-09	3.2179271811952003e-08	-3.0316546695870825e-09
9.7265625	0.00093564380877460057	-4.3764601125925068e-05	3.1623339430301774e-08	-2.9649418939845082e-09	3.1623339430310449e-08	-2.9649418940585863e-09
9.765625	0.00092755540855100308	-4.3179701091906014e-05	3.1079580735157143e-08	-2.90002523278272e-09	3.1079580735178742e-08	-2.9000252328244727e-09
9.8046875	0.00091957470833410452	-4.2605401059069103e-05	3.0547672743805669e-08	-2.8368317761999249e-09	3.0547672743806886e-08	-2.8368317762441766e-09
9.84375	0.00091169960812367476	-4.2041601027371053e-05	3.0027291721411706e-08	-2.7753167113807103e-09	3.0027291721419594e-08	-2.7753167114285673e-09
9.8828125	0.0009039283079194944	-4.1488100996768484e-05	2.9518141074257217e-08	-2.7154306394249969e-09	2.9518141074259559e-08	-2.7154306394742088e-09
9.921875	0.0008962589077213352	-4.094450096721413e-05	2.901992467702645e-08	-2.6571120951456616e-09	2.9019924677036121e-08	-2.657112095190027e-09
9.9609375	0.00088868950752900462	-4.0410700938670592e-05	2.8532351947095116e-08	-2.6003205525693067e-09	2.8532351947124521e-08	-2.6003205525984391e-09
10.0	0.00088121840734230444	-3.9886400911097273e-05	2.8055151970889355e-08	-2.5450042452260833e-09	2.8055151970909131e-08	-2.5450042452682315e-09
